Chevalier
\U0001F93A
200
200
70
50
30
50
5

Mage
\U0001F9D9\U0000200D\U00002642\U0000FE0F
200
200
70
35
40
40
5

Assassin
\U0001F977
200
200
80
25
70
50
5

Sorcière
\U0001F9DB\U0000200D\U00002640\U0000FE0F
200
200
50
55
40
50
5

Elfe
\U0001F9DD\U0000200D\U00002640\U0000FE0F
200
200
45
35
90
45
5

Voleur
\U0001F9B9\U0000200D\U00002642\U0000FE0F
200
200
65
40
75
60
5

Gardien
\U0001F9CD\U0000200D\U0001F9AF
200
200
45
85
25
40
5

Bête
\U0001F9DF\U0000200D\U00002642\U0000FE0F
200
200
80
50
40
55
5


